826982179204915200
1674315427
30788101
16272650
4247419580
2762367369
4828339398
4896383055
74484610
123521611
2739596257
224717981
714488384874553345
15267777
18067164
503201497
706959926879334400
845804107
2684865902
885152095669805057
831111050632232960
2843980425
2440059511
418867782
3343085200
341027410
531490780
816402981851660288
953066366608736263
896484799770116098
796905189965963264
908987277585649664
901664428617195521
822462665910063105
787660822302498816
1702916203
904385903573028864
39076082
898700291754926080
801923601230241792
869330054421110784
1560743821
761309196
819982917015195648
17487232
764489721644888065
163273633
413428656
55963652
18011418
